75,3
75,2
75,1
75,0
30,3
30,1
29,4
29,3
29,1
28,4
28,3
28,2
28,1
27,3
27,1
25,12
25,11
25,10
25,9
25,8
25,7
25,6
25,5
25,4
25,3
25,2
25,1
25,0
24,4
24,3
24,1
0,408
0,322
0,278
0,243
0,9
3,2
3,1
3,3
10,2
10,1
10,3
11,2
11,1
11,3
9,2
9,1
9,3
8,2
8,1
8,3
12,2
12,1
12,3
20,2
20,1
20,3
19,2
19,1
19,3
18,1
18,3
14,1
14,3
13,1
13,3
2,2
2,1
2,3
0,0
88,34
88,33
88,32
88,31
88,30
88,29
88,28
88,27
88,26
88,25
88,24
88,23
88,22
88,21
88,20
88,19
88,18
88,17
88,16
88,15
88,14
88,13
88,12
88,11
88,10
88,9
88,8
88,7
88,6
88,5
88,4
